16
23 18 35 23 20 17 13 45 16 7 12 13 7 13 11 4
1 2 3 4 5 6 7 196 197 8 9 198 195 10 11 12 199 200 13 201 14 15 202
16 203 17 200 204 18 205 206 19 207 20 208 209 21 198 22 194 23
24 25 26 27 28 29 210 30 31 211 32 208 33 212 34 35 195 194 36 37 38 39 213 40 41 42 43 44 45 46 47 48 49 50 51
52 53 54 214 55 56 57 58 215 59 60 206 61 62 216  63 199 203 64 65 66 67 217
68 218 69 219 70 209 212 71 220 216 204 72 221 73 74 75 76 77 78 79
222 80 81 82 223 83 84 85 86 87 88 89 224 90 207 91 220
211 219 92 197 93 94 225 226 95 96 97 98 227
99 100 101 102 103 213 104 105 106 217 107 108 109 110 111 112 201 113 221 114 115 116 228 117 229 215 118 224
119 120 121 230 122 210 123 124 125 126 127 218 128 196 129 225 231
208 130 230 131 132 232 133 134 223 214 135 233 229 136 137 205
138 139 140 141 142 226 231
143 144 145 146 147 148 149 150 151 152 153 233
15 202 154 155 156 157 158 159 160 161 162 163 164
165 166 167 168 222 169 232
217 170 171 172 173 174 175 176 177 178 179 180 181
182 183 184 185 186 187 188 189 190 191 227
205 228 192 193
