39 37
1 后卫寨
2 三桥
3 皂河
4 枣园
5 汉城路
6 开远门
7 劳动路
8 玉祥门
9 洒金桥
10 五路口
11 朝阳门
12 康复路
13 通化门
14 万寿路
15 长乐坡
16 浐河
17 半坡
18 纺织城
19 北客栈
20 北苑
21 运动公园
22 行政中心
23 凤城五路
24 市图书馆
25 大明宫西
26 龙首原
27 安远门
28 钟楼
29 永宁门
30 南稍门
31 体育场
32 小寨
33 纬一街
34 会展中心
35 三爻
36 西栖原
37 航天城
38 韦曲南
39 北大街
1 2
2 1
2 3
3 2
3 4
4 3
4 5
5 4
5 6
6 5
6 7
7 6
7 8
8 7
8 9
9 8
9 39
10 11
10 39
11 10
11 12
12 11
12 13
13 12
13 14
14 13
14 15
15 14
15 16
16 15
16 17
17 16
17 18
18 17
19 20
20 19
20 21
21 20
21 22
22 21
22 23
23 22
23 24
24 23
24 25
25 24
25 26
26 25
26 27
27 26
27 39
28 29
28 39
29 28
29 30
30 29
30 31
31 30
31 32
32 31
32 33
33 32
33 34
34 33
34 35
35 34
35 36
36 35
36 37
37 36
37 38
38 37
39 9
39 10
39 27
39 28
