233 262
1 苹果园
2 古城
3 八角游乐园
4 八宝山
5 玉泉路
6 五棵松
7 万寿路
8 木樨地
9 南礼士路
10 天安门西
11 天安门东
12 王府井
13 永安里
14 大望路
15 四惠
16 前门
17 北京站
18 东四十条
19 安定门
20 积水潭
21 阜成门
22 长椿街
23 和平门
24 安河桥北
25 北宫门
26 西苑
27 圆明园
28 北京大学东门
29 中关村
30 人民大学
31 魏公村
32 动物园
33 新街口
34 西四
35 灵境胡同
36 菜市口
37 陶然亭
38 北京南站
39 马字堡
40 公益西桥
41 新宫
42 西红门
43 高米店北
44 高米店南
45 枣园
46 清源路
47 黄村西大街
48 黄村火车站
49 义和庄
50 生物医药基地
51 天宫院
52 天通苑北
53 天通苑
54 天通苑南
55 立水桥南
56 北苑路北
57 大屯路东
58 惠新西街北口
59 和平西桥
60 和平里北街
61 北新桥
62 张自忠路
63 灯市口
64 磁器口
65 天坛东门
66 蒲黄榆
67 刘家窑
68 海淀五路居
69 花园桥
70 车公庄西
71 北海北
72 东大桥
73 金台路
74 十里堡
75 青年路
76 褡裢坡
77 黄渠
78 常营
79 草房
80 育知路
81 平西府
82 回龙观东大街
83 育新
84 西小口
85 永泰庄
86 林萃桥
87 森林公园南门
88 奥林匹克公园
89 奥体中心
90 安华桥
91 什刹海
92 白堆子
93 北京西站
94 六里桥东
95 丰台东大街
96 丰台南路
97 科怡路
98 丰台科技园
99 泥洼
100 丰台站
101 首经贸
102 纪家庙
103 草桥
104 角门东
105 大红门
106 石榴庄
107 成寿寺
108 分钟寺
109 十里河
110 潘家园
111 劲松
112 双井
113 金台夕照
114 团结湖
115 农业展览馆
116 亮马桥
117 太阳宫
118 安贞门
119 建德门
120 牡丹园
121 西土城
122 知春里
123 苏州街
124 巴沟
125 火器营
126 长春桥
127 车道沟
128 西钓鱼桥
129 莲花桥
130 大钟寺
131 五道口
132 上地
133 龙泽
134 回龙观
135 北苑
136 光熙门
137 柳芳
138 张郭庄
139 园博园
140 大瓦窑
141 郭庄子
142 大井
143 俸伯
144 顺义
145 石门
146 南法信
147 后沙峪
148 花梨坎
149 国展
150 孙河
151 马泉营
152 崔各庄
153 望京
154 高碑店
155 传媒大学
156 双桥
157 管庄
158 八里桥
159 通州北苑
160 果园
161 九棵树
162 梨园
163 临河里
164 土桥
165 南邵
166 沙河高教园
167 沙河
168 巩华城
169 生命科学园
170 肖村
171 小红门
172 旧宫
173 亦庄桥
174 亦庄文化园
175 万源街
176 荣京东街
177 荣昌东街
178 同济南路
179 经海路
180 次渠南
181 次渠
182 苏庄
183 良乡南关
184 良乡大学城西
185 良乡大学城
186 良乡大学城北
187 广阳城
188 篱笆房
189 长阳
190 稻田
191 大葆台
192 T2航站楼
193 T3航站楼
194 宣武门
195 西单
196 公主坟
197 军事博物馆
198 复兴门
199 东单
200 建国门
201 国贸
202 四惠东
203 崇文门
204 朝阳门
205 东直门
206 雍和宫
207 鼓楼大街
208 西直门
209 车公庄
210 海淀黄庄
211 国家图书馆
212 平安里
213 角门西
214 立水桥
215 惠新西街南口
216 东四
217 宋家庄
218 慈寿寺
219 白石桥南
220 南锣巷鼓
221 呼家楼
222 朱辛庄
223 霍营
224 北土城
225 六里桥
226 七里庄
227 郭公庄
228 三元桥
229 芍药居
230 知春路
231 西局
232 西二旗
233 望京西
1 2
2 1
2 3
3 2
3 4
4 3
4 5
5 4
5 6
6 5
6 7
7 6
7 196
196 7
196 197
197 196
197 8
8 197
8 9
9 8
9 198
198 9
198 195
195 198
195 10
10 195
10 11
11 10
11 12
12 11
12 199
199 12
199 200
200 199
200 13
13 200
13 201
201 13
201 14
14 201
14 15
15 14
15 202
202 15
16 203
203 16
203 17
17 203
17 200
200 17
200 204
204 200
204 18
18 204
18 205
205 18
205 206
206 205
206 19
19 206
19 207
207 19
207 20
20 207
20 208
208 20
208 209
209 208
209 21
21 209
21 198
198 21
198 22
22 198
22 194
194 22
192 23
23 194
23 16
16 23
24 25
25 24
25 26
26 25
26 27
27 26
27 28
28 27
28 29
29 28
29 210
210 29
210 30
30 210
30 31
31 30
31 211
211 31
211 32
32 211
32 208
208 32
208 33
33 208
33 212
212 33
212 34
34 212
34 35
35 34
35 195
195 35
195 194
194 195
194 36
36 194
36 37
37 36
37 38
38 37
38 39
39 38
39 213
213 39
213 40
40 213
40 41
41 40
41 42
42 41
42 43
43 42
43 44
44 43
44 45
45 44
45 46
46 45
46 47
47 46
47 48
48 47
48 49
49 48
49 50
50 49
50 51
51 50
52 53
53 52
53 54
54 53
54 214
214 54
214 55
55 214
55 56
56 55
56 57
57 56
57 58
58 57
58 215
215 58
215 59
59 215
59 60
60 59
60 206
206 60
206 61
61 206
61 62
62 61
62 216
216 62
216 63
63 216
63 199
199 63
199 203
203 199
203 64
64 203
64 65
65 64
65 66
66 65
66 67
67 66
67 217
217 67
68 218
218 68
218 69
69 218
69 219
219 69
219 70
70 219
70 209
209 70
209 212
212 209
212 71
71 212
71 220
220 71
220 216
216 220
216 204
204 216
204 72
72 204
72 221
221 72
221 73
73 221
73 74
74 73
74 75
75 74
75 76
76 75
76 77
77 76
77 78
78 77
78 79
79 78
222 80
80 222
80 81
81 80
81 82
82 81
82 223
223 82
223 83
83 223
83 84
84 83
84 85
85 84
85 86
86 85
86 87
87 86
87 88
88 87
88 89
89 88
89 224
224 89
224 90
90 224
90 207
207 90
207 91
91 207
91 220
220 91
211 219
219 211
219 92
92 219
92 197
197 92
197 93
93 197
93 94
94 93
94 225
225 94
225 226
226 225
226 95
95 226
95 96
96 95
96 97
97 96
97 98
98 97
98 227
227 98
99 100
100 99
100 101
101 100
101 102
102 101
102 103
103 102
103 213
213 103
213 104
104 213
104 105
105 104
105 106
106 105
106 217
217 106
217 107
107 217
107 108
108 107
108 109
109 108
109 110
110 109
110 111
111 110
111 112
112 111
112 201
201 112
201 113
113 201
113 221
221 113
221 114
114 221
114 115
115 114
115 116
116 115
116 228
228 116
228 117
117 228
117 229
229 117
229 215
215 229
215 118
118 215
118 224
224 118
224 119
119 224
119 120
120 119
120 121
121 120
121 230
230 121
230 122
122 230
122 210
210 122
210 123
123 210
123 124
124 123
124 125
125 124
125 126
126 125
126 127
127 126
127 218
218 127
218 128
128 218
128 196
196 128
196 129
129 196
129 225
225 129
225 231
231 225
231 99
99 231
208 130
130 208
130 230
230 130
230 131
131 230
131 132
132 131
132 232
232 132
232 133
133 232
133 134
134 133
134 223
223 134
214 135
135 214
135 233
233 135
233 229
229 233
229 136
136 229
136 137
137 136
137 205
205 137
138 139
139 138
139 140
140 139
140 141
141 140
141 142
142 141
142 226
226 142
226 231
231 226
143 144
144 143
144 145
145 144
145 146
146 145
146 147
147 146
147 148
148 147
148 149
149 148
149 150
150 149
150 151
151 150
151 152
152 151
152 153
153 152
153 233
233 153
202 154
154 202
154 155
155 154
155 156
156 155
156 157
157 156
157 158
158 157
158 159
159 158
159 160
160 159
160 161
161 160
161 162
162 161
162 163
163 162
163 164
164 163
165 166
166 165
166 167
167 166
167 168
168 167
168 222
222 168
222 169
169 222
169 232
232 169
217 170
170 217
170 171
171 170
171 172
172 171
172 173
173 172
173 174
174 173
174 175
175 174
175 176
176 175
176 177
177 176
177 178
178 177
178 179
179 178
179 180
180 179
180 181
181 180
182 183
183 182
183 184
184 183
184 185
185 184
185 186
186 185
186 187
187 186
187 188
188 187
188 189
189 188
189 190
190 189
190 191
191 190
191 227
227 191
205 228
228 205
228 192
192 228
228 193
193 228
192 193
193 192
